Starting fitting with 32

=== 1000 Iterations Results ===
Total experiments: 275

Top results by MeanFitness:
275×6 DataFrame
 Row │ Population  LayersMin  LayersMax  MeanFitness  MaxFitness  SuccessfulSimulations
     │ UInt32      UInt16     UInt16     Float64      Float64     UInt16
─────┼──────────────────────────────────────────────────────────────────────────────────
   1 │         70          3          6     0.933333     1.0                          1
   2 │         80          2          6     0.933333     0.96875                      0
   3 │        120          2          2     0.933333     1.0                          2
   4 │        120          4          4     0.933333     0.96875                      0
   5 │        120          5          9     0.93125      0.96875                      0
   6 │        110          1          4     0.929167     0.96875                      0
   7 │        110          3          4     0.929167     0.96875                      0
   8 │         70          4          8     0.927083     1.0                          1
   9 │         90          5          5     0.927083     1.0                          2
  10 │        100          3          6     0.927083     0.96875                      0
  11 │        120          2          4     0.927083     1.0                          1
  12 │        120          4          7     0.927083     1.0                          1
  13 │         60          5          6     0.925        1.0                          1
  14 │         70          4          6     0.925        0.96875                      0
  15 │         70          5          6     0.925        0.96875                      0
  16 │         80          4          8     0.925        1.0                          2
  17 │         80          5          5     0.925        1.0                          1
  18 │         90          1          3     0.925        0.96875                      0
  19 │         90          4          5     0.925        1.0                          1
  20 │        110          3          5     0.925        1.0                          1
  21 │        110          3          7     0.925        0.96875                      0
  22 │        120          1          3     0.925        1.0                          1
  23 │        120          5          5     0.925        0.96875                      0
  24 │         80          5          6     0.922917     0.96875                      0
  25 │         90          2          3     0.922917     1.0                          1
  26 │         90          3          7     0.922917     0.96875                      0
  27 │        100          3          4     0.922917     1.0                          1
  28 │        100          5          8     0.922917     0.96875                      0
  29 │        110          2          4     0.922917     1.0                          1
  30 │        110          3          6     0.922917     0.96875                      0
  31 │        110          4          5     0.922917     1.0                          1
  32 │        110          5          9     0.922917     0.96875                      0
  33 │        120          2          5     0.922917     1.0                          2
  34 │        120          3          3     0.922917     1.0                          1
  35 │        120          3          5     0.922917     0.96875                      0
  36 │        120          3          7     0.922917     0.96875                      0
  37 │        120          4          6     0.922917     1.0                          1
  38 │        120          5          8     0.922917     0.96875                      0
  39 │         60          4          6     0.920833     0.96875                      0
  40 │         60          4          8     0.920833     0.96875                      0
  41 │         90          4          4     0.920833     1.0                          1
  42 │         90          5          7     0.920833     0.96875                      0
  43 │        100          2          4     0.920833     0.96875                      0
  44 │        100          4          4     0.920833     1.0                          1
  45 │        100          4          5     0.920833     1.0                          1
  46 │        110          3          3     0.920833     1.0                          1
  47 │        110          5          8     0.920833     0.96875                      0
  48 │         50          3          5     0.91875      0.96875                      0
  49 │         60          3          5     0.91875      0.96875                      0
  50 │         70          2          3     0.91875      0.96875                      0
  51 │         70          3          3     0.91875      1.0                          1
  52 │         80          2          4     0.91875      0.96875                      0
  53 │         80          2          5     0.91875      0.96875                      0
  54 │         90          4          6     0.91875      1.0                          1
  55 │        100          1          2     0.91875      0.96875                      0
  56 │        100          1          4     0.91875      0.96875                      0
  57 │        100          2          2     0.91875      0.96875                      0
  58 │        100          2          5     0.91875      0.96875                      0
  59 │        100          4          6     0.91875      1.0                          1
  60 │        100          5          5     0.91875      0.96875                      0
  61 │        110          5          6     0.91875      1.0                          1
  62 │        110          5          7     0.91875      0.96875                      0
  63 │         80          2          3     0.916667     0.96875                      0
  64 │        100          1          5     0.916667     0.96875                      0
  65 │        100          4          7     0.916667     1.0                          1
  66 │        110          4          4     0.916667     0.96875                      0
  67 │        110          4          6     0.916667     1.0                          1
  68 │         60          1          4     0.914583     0.96875                      0
  69 │         80          1          5     0.914583     0.9375                       0
  70 │         80          4          5     0.914583     0.96875                      0
  71 │         90          3          6     0.914583     0.96875                      0
  72 │         90          4          7     0.914583     1.0                          1
  73 │        110          1          3     0.914583     0.96875                      0
  74 │        110          5          5     0.914583     0.9375                       0
  75 │        120          1          2     0.914583     0.96875                      0
  76 │        120          1          4     0.914583     1.0                          1
  77 │        120          1          5     0.914583     1.0                          1
  78 │        120          3          6     0.914583     1.0                          1
  79 │        120          4          5     0.914583     0.96875                      0
  80 │        120          4          8     0.914583     0.9375                       0
  81 │        120          5          6     0.914583     0.96875                      0
  82 │         50          2          5     0.9125       0.96875                      0
  83 │         60          5          5     0.9125       0.96875                      0
  84 │         80          3          4     0.9125       0.9375                       0
  85 │         80          5          7     0.9125       0.9375                       0
  86 │         90          2          4     0.9125       0.96875                      0
  87 │         90          4          8     0.9125       0.96875                      0
  88 │        100          5          9     0.9125       0.96875                      0
  89 │        110          1          2     0.9125       1.0                          2
  90 │        120          3          4     0.9125       0.96875                      0
  91 │        120          5          7     0.9125       1.0                          1
  92 │         40          3          3     0.910417     0.96875                      0
  93 │         50          3          4     0.910417     0.96875                      0
  94 │         60          3          4     0.910417     0.96875                      0
  95 │         60          5          7     0.910417     0.9375                       0
  96 │         70          2          2     0.910417     1.0                          1
  97 │         70          3          5     0.910417     0.96875                      0
  98 │         70          4          7     0.910417     0.96875                      0
  99 │         70          5          8     0.910417     0.96875                      0
 100 │         80          2          2     0.910417     0.96875                      0
 101 │         80          3          3     0.910417     0.96875                      0
 102 │         80          3          6     0.910417     0.9375                       0
 103 │         90          3          5     0.910417     0.96875                      0
 104 │        100          2          3     0.910417     1.0                          2
 105 │        100          3          7     0.910417     0.96875                      0
 106 │        110          4          7     0.910417     0.96875                      0
 107 │        110          4          8     0.910417     0.9375                       0
 108 │         40          4          8     0.908333     0.96875                      0
 109 │         50          3          3     0.908333     0.9375                       0
 110 │         60          2          5     0.908333     0.9375                       0
 111 │         60          3          3     0.908333     0.96875                      0
 112 │         60          5          8     0.908333     0.96875                      0
 113 │         60          5          9     0.908333     1.0                          1
 114 │         70          2          5     0.908333     0.96875                      0
 115 │         80          3          7     0.908333     0.96875                      0
 116 │         80          4          4     0.908333     0.9375                       0
 117 │         90          1          5     0.908333     1.0                          1
 118 │         90          3          3     0.908333     0.96875                      0
 119 │         90          5          8     0.908333     0.96875                      0
 120 │        100          4          8     0.908333     0.96875                      0
 121 │        100          5          6     0.908333     0.9375                       0
 122 │        100          5          7     0.908333     0.96875                      0
 123 │        110          2          2     0.908333     0.96875                      0
 124 │        110          2          6     0.908333     1.0                          1
 125 │        120          2          6     0.908333     0.96875                      0
 126 │         40          5          8     0.90625      0.96875                      0
 127 │         60          2          2     0.90625      1.0                          1
 128 │         60          3          6     0.90625      0.96875                      0
 129 │         70          1          4     0.90625      0.96875                      0
 130 │         70          2          4     0.90625      1.0                          1
 131 │         70          3          4     0.90625      1.0                          1
 132 │         80          4          7     0.90625      0.96875                      0
 133 │        100          1          3     0.90625      0.9375                       0
 134 │         30          3          5     0.904167     1.0                          1
 135 │         30          3          6     0.904167     0.96875                      0
 136 │         50          2          6     0.904167     0.96875                      0
 137 │         50          5          7     0.904167     1.0                          1
 138 │         60          1          3     0.904167     0.96875                      0
 139 │         60          2          4     0.904167     1.0                          1
 140 │         60          4          5     0.904167     0.96875                      0
 141 │         70          1          3     0.904167     0.96875                      0
 142 │         70          5          7     0.904167     0.9375                       0
 143 │         70          5          9     0.904167     1.0                          1
 144 │         80          3          5     0.904167     0.96875                      0
 145 │         80          5          8     0.904167     0.9375                       0
 146 │         90          1          2     0.904167     1.0                          1
 147 │         90          1          4     0.904167     1.0                          1
 148 │         90          3          4     0.904167     0.96875                      0
 149 │         90          5          9     0.904167     0.96875                      0
 150 │        100          3          3     0.904167     0.96875                      0
 151 │        100          3          5     0.904167     0.9375                       0
 152 │        110          1          1     0.904167     0.96875                      0
 153 │        110          1          5     0.904167     0.9375                       0
 154 │        110          2          3     0.904167     0.96875                      0
 155 │         40          2          2     0.902083     0.96875                      0
 156 │         50          1          4     0.902083     0.9375                       0
 157 │         50          3          6     0.902083     0.96875                      0
 158 │         50          5          5     0.902083     0.9375                       0
 159 │         60          2          6     0.902083     0.96875                      0
 160 │         70          1          5     0.902083     1.0                          1
 161 │         70          4          4     0.902083     0.96875                      0
 162 │         70          4          5     0.902083     0.9375                       0
 163 │         90          5          6     0.902083     0.96875                      0
 164 │         30          2          4     0.9          0.96875                      0
 165 │         40          2          4     0.9          0.9375                       0
 166 │         40          3          4     0.9          0.96875                      0
 167 │         40          3          6     0.9          0.9375                       0
 168 │         40          4          7     0.9          0.96875                      0
 169 │         40          5          5     0.9          0.9375                       0
 170 │         40          5          9     0.9          0.9375                       0
 171 │         50          1          1     0.9          0.9375                       0
 172 │         50          1          3     0.9          0.9375                       0
 173 │         50          4          4     0.9          1.0                          1
 174 │         50          4          6     0.9          0.9375                       0
 175 │         60          4          4     0.9          0.9375                       0
 176 │         70          1          1     0.9          0.96875                      0
 177 │         80          1          4     0.9          0.96875                      0
 178 │         80          4          6     0.9          0.96875                      0
 179 │         80          5          9     0.9          0.96875                      0
 180 │        100          2          6     0.9          0.9375                       0
 181 │        110          2          5     0.9          0.9375                       0
 182 │        120          1          1     0.9          0.96875                      0
 183 │        120          2          3     0.9          0.96875                      0
 184 │         30          2          5     0.897917     0.96875                      0
 185 │         40          2          3     0.897917     0.96875                      0
 186 │         40          5          6     0.897917     0.9375                       0
 187 │         50          2          2     0.897917     0.96875                      0
 188 │         50          2          3     0.897917     0.96875                      0
 189 │         60          4          7     0.897917     0.9375                       0
 190 │         70          2          6     0.897917     0.9375                       0
 191 │         70          3          7     0.897917     0.9375                       0
 192 │         90          2          2     0.897917     1.0                          1
 193 │         90          2          6     0.897917     0.96875                      0
 194 │        100          1          1     0.897917     1.0                          1
 195 │         20          4          4     0.895833     0.96875                      0
 196 │         30          3          7     0.895833     0.96875                      0
 197 │         40          1          4     0.895833     0.96875                      0
 198 │         40          2          5     0.895833     0.96875                      0
 199 │         40          4          6     0.895833     0.9375                       0
 200 │         40          5          7     0.895833     0.96875                      0
 201 │         60          1          5     0.895833     0.96875                      0
 202 │         60          2          3     0.895833     0.9375                       0
 203 │         30          1          5     0.89375      0.96875                      0
 204 │         30          3          3     0.89375      0.9375                       0
 205 │         30          5          5     0.89375      0.9375                       0
 206 │         40          3          5     0.89375      0.96875                      0
 207 │         50          2          4     0.89375      0.96875                      0
 208 │         50          4          5     0.89375      0.9375                       0
 209 │         50          4          8     0.89375      0.96875                      0
 210 │         70          5          5     0.89375      1.0                          1
 211 │         90          1          1     0.89375      0.96875                      0
 212 │         20          1          3     0.891667     0.96875                      0
 213 │         30          3          4     0.891667     0.96875                      0
 214 │         30          4          8     0.891667     0.9375                       0
 215 │         30          5          6     0.891667     0.9375                       0
 216 │         40          3          7     0.891667     0.9375                       0
 217 │         50          1          2     0.891667     1.0                          1
 218 │         50          1          5     0.891667     0.9375                       0
 219 │         50          4          7     0.891667     0.96875                      0
 220 │         60          3          7     0.891667     1.0                          1
 221 │         90          2          5     0.891667     0.96875                      0
 222 │         20          3          5     0.889583     0.96875                      0
 223 │         30          2          6     0.889583     0.9375                       0
 224 │         30          4          6     0.889583     0.9375                       0
 225 │         30          5          8     0.889583     0.96875                      0
 226 │         30          5          9     0.889583     0.9375                       0
 227 │         40          1          5     0.889583     0.9375                       0
 228 │         50          5          6     0.889583     0.9375                       0
 229 │         50          5          8     0.889583     0.9375                       0
 230 │         50          5          9     0.889583     0.96875                      0
 231 │         80          1          1     0.889583     1.0                          1
 232 │         20          3          4     0.8875       0.96875                      0
 233 │         30          1          1     0.8875       0.96875                      0
 234 │         30          2          2     0.8875       0.9375                       0
 235 │         30          4          7     0.8875       0.9375                       0
 236 │         40          2          6     0.8875       0.9375                       0
 237 │         70          1          2     0.8875       0.96875                      0
 238 │         20          1          2     0.885417     0.96875                      0
 239 │         20          1          4     0.885417     0.9375                       0
 240 │         20          3          6     0.885417     0.9375                       0
 241 │         30          1          3     0.885417     0.96875                      0
 242 │         30          4          5     0.885417     0.90625                      0
 243 │         40          4          4     0.885417     0.9375                       0
 244 │         40          4          5     0.885417     0.9375                       0
 245 │         50          3          7     0.885417     0.9375                       0
 246 │         60          1          1     0.885417     0.96875                      0
 247 │         80          1          3     0.885417     0.9375                       0
 248 │         20          2          5     0.883333     0.9375                       0
 249 │         20          4          7     0.883333     0.96875                      0
 250 │         20          5          6     0.883333     0.9375                       0
 251 │         30          1          4     0.883333     0.9375                       0
 252 │         30          5          7     0.883333     0.9375                       0
 253 │         80          1          2     0.883333     0.9375                       0
 254 │         20          1          5     0.88125      0.90625                      0
 255 │         20          2          3     0.88125      0.9375                       0
 256 │         20          2          6     0.88125      0.9375                       0
 257 │         20          5          9     0.88125      0.9375                       0
 258 │         30          2          3     0.88125      0.96875                      0
 259 │         20          2          2     0.879167     0.9375                       0
 260 │         20          4          8     0.879167     0.96875                      0
 261 │         20          5          7     0.879167     0.90625                      0
 262 │         20          4          5     0.877083     0.90625                      0
 263 │         20          5          5     0.877083     0.9375                       0
 264 │         20          5          8     0.877083     0.9375                       0
 265 │         40          1          1     0.877083     0.90625                      0
 266 │         20          2          4     0.875        0.90625                      0
 267 │         20          3          3     0.875        0.90625                      0
 268 │         60          1          2     0.875        1.0                          1
 269 │         20          1          1     0.872917     0.9375                       0
 270 │         30          4          4     0.872917     0.90625                      0
 271 │         40          1          3     0.872917     0.9375                       0
 272 │         20          3          7     0.870833     0.90625                      0
 273 │         20          4          6     0.86875      0.90625                      0
 274 │         30          1          2     0.86875      0.9375                       0
 275 │         40          1          2     0.860417     0.9375                       0
